# Time-averaged data for fix 1
# TimeStep c_mytemp c_mypress v_myvol c_PE c_KE
50 2857.02 -247.797 48102.8 -31.7988 15.1412
51 2873.44 -235.736 48102.3 -31.899 15.2283
52 2883.5 -222.929 48100.9 -31.9918 15.2816
53 2886.9 -209.65 48098.7 -32.0759 15.2996
54 2883.35 -195.434 48095.6 -32.1496 15.2808
55 2872.53 -180.218 48091.8 -32.2106 15.2235
56 2854.61 -168.118 48087.4 -32.2589 15.1285
57 2830.04 -156.033 48082.2 -32.2957 14.9982
58 2799.06 -143.702 48076.5 -32.3203 14.8341
59 2762.11 -131.202 48070.3 -32.3327 14.6383
60 2719.79 -118.488 48063.5 -32.333 14.414
61 2672.85 -105.218 48056.4 -32.3219 14.1652
62 2622.17 -91.4058 48048.8 -32.3 13.8966
63 2568.92 -79.7706 48040.9 -32.2696 13.6144
64 2514.39 -68.2759 48032.7 -32.2338 13.3254
65 2459.83 -57.143 48024.2 -32.1953 13.0363
66 2406.48 -46.4908 48015.6 -32.1577 12.7535
67 2355.47 -35.4598 48006.8 -32.1246 12.4832
68 2307.73 -23.9702 47997.9 -32.0991 12.2302
69 2264.05 -13.4193 47988.9 -32.0845 11.9987
70 2225.07 -4.6738 47979.9 -32.0842 11.7921
71 2191.03 3.81892 47970.9 -32.0999 11.6117
72 2161.79 12.0516 47962 -32.1318 11.4568
73 2136.93 20.0123 47953.1 -32.1787 11.325
74 2115.76 27.701 47944.4 -32.2383 11.2128
75 2097.45 35.0828 47935.7 -32.3075 11.1158
76 2081.03 41.7415 47927.2 -32.3823 11.0288
77 2065.35 48.8103 47919 -32.458 10.9457
78 2049.25 56.192 47910.9 -32.5286 10.8603
79 2031.96 62.1093 47903.1 -32.5918 10.7687
80 2012.86 68.5478 47895.5 -32.6445 10.6675
81 1991.22 75.8243 47888.3 -32.6832 10.5528
82 1966.46 84.2232 47881.3 -32.7049 10.4216
83 1938.26 92.7794 47874.8 -32.7079 10.2721
84 1906.87 98.6851 47868.6 -32.6937 10.1057
85 1872.73 103.952 47862.8 -32.6646 9.92487
86 1836.33 108.423 47857.5 -32.6225 9.73192
87 1798.33 112.74 47852.6 -32.571 9.53054
88 1759.62 116.85 47848.1 -32.5144 9.3254
89 1721.2 120.549 47844.2 -32.4579 9.12179
90 1683.9 121.859 47840.7 -32.4056 8.92411
91 1648.64 123.458 47837.8 -32.3624 8.73726
92 1616.53 124.785 47835.3 -32.3342 8.56706
93 1588.36 125.351 47833.4 -32.3255 8.41776
94 1564.74 123.152 47832 -32.3393 8.29259
95 1546.05 118.627 47831.1 -32.3784 8.19352
96 1532.26 112.592 47830.6 -32.4427 8.12046
97 1522.97 103.258 47830.7 -32.5306 8.07124
98 1517.6 93.1964 47831.1 -32.639 8.04279
99 1515.52 83.8502 47831.9 -32.7649 8.03174
100 1516.01 74.6519 47833.1 -32.9049 8.03433
101 1543.79 67.0121 47833.3 -33.0558 8.1816
102 1571.69 58.8087 47833.7 -33.2137 8.32943
103 1599.1 52.1014 47834.4 -33.3759 8.47469
104 1625.5 43.0099 47835.3 -33.5399 8.61459
105 1650.31 31.1903 47836.4 -33.7029 8.7461
106 1673.09 17.4986 47837.7 -33.8624 8.86684
107 1693.55 2.62249 47839 -34.0171 8.97525
108 1711.48 -13.4705 47840.3 -34.1661 9.07027
109 1726.73 -32.1063 47841.7 -34.3082 9.15109
110 1739.29 -50.307 47842.9 -34.4433 9.21766
111 1749.21 -68.6569 47843.9 -34.5721 9.27024
112 1756.44 -87.6691 47844.7 -34.6928 9.30856
113 1761.21 -104.639 47845.1 -34.8069 9.33381
114 1763.98 -118.999 47845.2 -34.9164 9.3485
115 1765.13 -131.441 47844.8 -35.0228 9.35461
116 1764.95 -142.373 47843.9 -35.1269 9.35367
117 1763.7 -151.983 47842.5 -35.2293 9.347
118 1761.58 -160.415 47840.5 -35.3306 9.33578
119 1758.79 -167.785 47837.9 -35.4309 9.321
120 1755.5 -173.988 47834.6 -35.5305 9.30355
121 1751.83 -179.292 47830.7 -35.6291 9.2841
122 1747.87 -184.063 47826.1 -35.7266 9.26312
123 1743.67 -188.417 47820.7 -35.8226 9.24085
124 1739.25 -192.468 47814.7 -35.9164 9.21744
125 1734.62 -196.314 47807.9 -36.0077 9.19289
126 1729.59 -202.395 47800.4 -36.095 9.16625
127 1724 -207.996 47792 -36.1769 9.13664
128 1717.91 -212.449 47782.9 -36.2535 9.10437
129 1711.37 -215.684 47773 -36.325 9.06968
130 1704.35 -217.646 47762.2 -36.391 9.03251
131 1696.79 -218.252 47750.6 -36.4512 8.99242
132 1688.54 -217.32 47738.2 -36.5048 8.94867
133 1679.31 -215.574 47724.9 -36.5507 8.8998
134 1668.71 -212.344 47710.8 -36.5862 8.84359
135 1656.8 -210.815 47695.9 -36.6118 8.78051
136 1644 -209.056 47680.2 -36.6303 8.71266
137 1630.44 -206.492 47663.7 -36.6425 8.64079
138 1616.2 -203.186 47646.4 -36.6488 8.56531
139 1601.36 -199.366 47628.4 -36.65 8.4867
140 1586.05 -195.247 47609.6 -36.6467 8.40554
141 1570.38 -190.696 47590 -36.6399 8.3225
142 1554.49 -185.727 47569.7 -36.6303 8.23826
143 1538.51 -180.364 47548.8 -36.6189 8.15359
144 1522.61 -174.637 47527.1 -36.6065 8.06932
145 1506.95 -168.596 47504.8 -36.5943 7.98636
146 1491.73 -162.302 47481.9 -36.5832 7.90566
147 1477.12 -155.834 47458.4 -36.5744 7.82827
148 1463.34 -149.282 47434.2 -36.5692 7.75523
149 1450.59 -142.747 47409.6 -36.5686 7.68763
150 1439.06 -136.337 47384.4 -36.5738 7.62654
151 1428.96 -130.162 47358.7 -36.586 7.57299
152 1420.45 -124.341 47332.5 -36.6062 7.52791
153 1413.7 -118.942 47305.9 -36.6354 7.49214
154 1408.82 -113.495 47278.9 -36.6743 7.46628
155 1405.87 -107.392 47251.4 -36.7232 7.45064
156 1404.87 -101.3 47223.6 -36.7825 7.44536
157 1405.84 -95.0128 47195.4 -36.8524 7.45047
158 1408.72 -88.7707 47166.9 -36.9325 7.46573
159 1413.42 -82.6114 47138 -37.0226 7.49064
160 1419.77 -76.0552 47108.9 -37.1219 7.52432
161 1427.56 -69.1977 47079.6 -37.2293 7.5656
162 1436.55 -62.0971 47050 -37.3435 7.61325
163 1446.5 -54.7355 47020.2 -37.4635 7.66595
164 1457.13 -47.6643 46990.2 -37.5878 7.72231
165 1468.17 -40.6168 46960.1 -37.7149 7.78079
166 1479.25 -33.2148 46929.8 -37.843 7.83952
167 1489.97 -25.323 46899.5 -37.97 7.89632
168 1499.87 -16.8576 46869.1 -38.0933 7.94879
169 1508.47 -7.80394 46838.7 -38.2104 7.99441
170 1515.32 1.80128 46808.3 -38.3188 8.03069
171 1519.95 11.8867 46777.9 -38.4158 8.05523
172 1521.94 22.5881 46747.6 -38.4991 8.06576
173 1520.81 34.3205 46717.5 -38.5661 8.05981
174 1516 47.9427 46687.5 -38.6136 8.03431
175 1507.09 61.8637 46657.7 -38.6381 7.98707
176 1494.22 73.8986 46628.2 -38.6417 7.91888
177 1477.61 86.1282 46599 -38.6245 7.83085
178 1457.09 93.5406 46570.2 -38.5858 7.72211
179 1432.69 101.803 46541.7 -38.525 7.59276
180 1404.84 110.831 46513.7 -38.4445 7.44516
181 1374.15 120.832 46486.1 -38.3472 7.28255
182 1341.38 131.37 46459 -38.2369 7.10889
183 1307.41 142.049 46432.4 -38.1181 6.92885
184 1273.25 152.492 46406.4 -37.9962 6.74781
185 1240.04 162.349 46380.9 -37.8772 6.57181
186 1209 171.308 46356.1 -37.7676 6.40729
187 1181.36 179.098 46332 -37.6741 6.26081
188 1158.29 185.491 46308.6 -37.6033 6.13857
189 1140.81 190.313 46285.8 -37.5606 6.04592
190 1129.67 193.471 46263.8 -37.5505 5.98689
191 1125.31 194.943 46242.6 -37.5756 5.96377
192 1127.79 194.78 46222 -37.6366 5.97692
193 1136.81 193.118 46202.3 -37.7323 6.02473
194 1151.73 190.151 46183.2 -37.8594 6.10377
195 1171.61 186.119 46164.9 -38.0135 6.20916
196 1195.37 181.299 46147.3 -38.1886 6.33504
197 1221.78 175.976 46130.3 -38.3788 6.47501
198 1249.64 170.127 46114 -38.5775 6.62266
199 1277.81 163.664 46098.4 -38.7788 6.77198
200 1305.29 156.881 46083.4 -38.9775 6.91759
201 1331.2 149.896 46069 -39.1688 7.05491
202 1354.83 142.849 46055.2 -39.349 7.18016
203 1375.61 135.943 46041.9 -39.515 7.29028
204 1393.07 129.478 46029.1 -39.6641 7.38282
205 1406.83 123.694 46016.8 -39.7942 7.45572
206 1416.8 114.665 46004.9 -39.9049 7.50855
207 1422.99 104.637 45993.6 -39.996 7.54139
208 1425.2 93.3617 45982.6 -40.0657 7.55307
209 1423.55 83.3368 45971.9 -40.1152 7.54434
210 1418.56 73.9374 45961.6 -40.1468 7.51787
211 1410.54 64.5105 45951.6 -40.1625 7.47542
212 1399.78 56.4966 45941.9 -40.1629 7.41839
213 1386.72 50.2332 45932.3 -40.1505 7.34914
214 1371.9 45.5738 45923 -40.1282 7.27061
215 1355.89 42.4101 45913.8 -40.0988 7.18577
216 1339.25 40.2306 45904.8 -40.0652 7.09757
217 1322.54 38.3344 45896 -40.0304 7.00903
218 1306.31 36.7618 45887.3 -39.9973 6.92303
219 1291.06 35.3025 45878.8 -39.9685 6.84218
220 1277.19 33.5612 45870.4 -39.9462 6.7687
221 1265.08 30.8595 45862.2 -39.9324 6.70451
222 1254.98 27.7154 45854.1 -39.9286 6.65097
223 1247.02 24.1552 45846.1 -39.9355 6.6088
224 1241.24 20.2017 45838.2 -39.9534 6.57815
225 1237.56 15.8723 45830.4 -39.9821 6.55867
226 1235.85 11.1677 45822.7 -40.0207 6.54957
227 1235.87 6.05256 45815 -40.0682 6.5497
228 1237.36 0.72815 45807.3 -40.1232 6.5576
229 1239.96 -3.76326 45799.7 -40.1839 6.57137
230 1243.28 -7.97321 45792.1 -40.2483 6.58895
231 1246.95 -11.8451 45784.4 -40.3143 6.60843
232 1250.66 -15.2587 45776.8 -40.3804 6.62808
233 1254.13 -18.5341 45769.1 -40.445 6.64646
234 1257.16 -22.1101 45761.3 -40.5071 6.66251
235 1259.57 -24.9853 45753.5 -40.5658 6.67528
236 1261.2 -27.0729 45745.6 -40.6201 6.68393
237 1261.92 -28.2736 45737.6 -40.6694 6.68777
238 1261.65 -28.5711 45729.5 -40.7131 6.68632
239 1260.32 -28.6611 45721.4 -40.7509 6.67928
240 1257.91 -28.0112 45713.1 -40.7827 6.66652
241 1254.25 -28.3212 45704.8 -40.8075 6.64711
242 1249.24 -27.6128 45696.4 -40.8245 6.62053
243 1243.03 -26.9733 45687.9 -40.8348 6.58762
244 1235.77 -25.9301 45679.3 -40.839 6.54914
245 1227.53 -24.3043 45670.6 -40.8374 6.50548
246 1218.33 -21.8093 45661.9 -40.8302 6.45673
247 1208.14 -18.205 45653.1 -40.8171 6.40273
248 1196.85 -13.2075 45644.2 -40.7976 6.34293
249 1184.3 -6.28279 45635.3 -40.7706 6.27638
250 1170.17 3.23345 45626.4 -40.7346 6.20153
251 1154.71 9.72233 45617.5 -40.6903 6.11957
252 1138.35 16.5653 45608.7 -40.6404 6.03287
253 1121.22 23.4666 45600 -40.5854 5.94208
254 1103.51 28.7963 45591.3 -40.5265 5.84824
255 1085.43 34.1066 45582.8 -40.4647 5.75242
256 1067.12 39.3465 45574.4 -40.4006 5.65536
257 1048.73 44.4867 45566.1 -40.3352 5.55789
258 1030.42 49.5071 45558 -40.2692 5.46091
259 1012.39 54.4317 45550.1 -40.2037 5.36532
260 994.773 58.3524 45542.4 -40.1395 5.27196
261 977.724 62.024 45535 -40.0774 5.18161
262 961.416 65.8325 45527.7 -40.0182 5.09518
263 946.03 69.8185 45520.8 -39.9631 5.01364
264 931.743 74.0086 45514 -39.913 4.93793
265 918.727 78.4109 45507.6 -39.8688 4.86895
266 907.141 83.0134 45501.4 -39.8315 4.80754
267 897.126 87.7919 45495.5 -39.8017 4.75447
268 888.801 92.5746 45490 -39.7803 4.71035
269 882.224 96.4413 45484.8 -39.7676 4.67549
270 877.492 98.4866 45480 -39.7641 4.65041
271 874.68 100.402 45475.5 -39.7703 4.63551
272 873.713 102.535 45471.4 -39.7859 4.63039
273 874.405 105.207 45467.6 -39.8099 4.63405
274 876.441 108.874 45464.3 -39.8408 4.64485
275 879.357 114.205 45461.3 -39.8762 4.6603
276 882.999 117.383 45458.8 -39.9143 4.6796
277 887.517 118.898 45456.7 -39.9573 4.70354
278 892.839 120.116 45455 -40.0044 4.73175
279 898.753 121.014 45453.7 -40.0543 4.76309
280 905.053 121.568 45452.9 -40.1061 4.79648
281 911.552 121.758 45452.6 -40.1587 4.83092
282 918.086 121.599 45452.7 -40.2113 4.86555
283 924.536 121.41 45453.2 -40.2631 4.89973
284 930.81 120.857 45454.1 -40.3139 4.93298
285 936.845 119.985 45455.6 -40.3631 4.96496
286 942.604 118.878 45457.4 -40.4107 4.99549
287 948.075 117.664 45459.7 -40.4565 5.02448
288 953.257 116.527 45462.4 -40.5006 5.05195
289 958.305 113.891 45465.5 -40.5435 5.0787
290 963.424 109.259 45469.1 -40.5868 5.10583
291 968.729 103.687 45473 -40.6307 5.13394
292 974.385 98.0875 45477.4 -40.6762 5.16391
293 980.578 92.1505 45482.1 -40.7244 5.19674
294 987.167 82.6061 45487.1 -40.7742 5.23165
295 994.198 74.7533 45492.5 -40.8261 5.26892
296 1002.16 67.98 45498.1 -40.8828 5.31114
297 1011.43 61.7972 45504 -40.9462 5.36026
298 1022.26 55.8356 45510.1 -41.0177 5.41761
299 1034.79 49.8319 45516.4 -41.0981 5.48406
300 1049.13 43.6128 45522.9 -41.1879 5.56003
301 1065.28 37.077 45529.6 -41.2872 5.64562
302 1083.21 30.1774 45536.4 -41.3959 5.74066
303 1102.82 22.2624 45543.4 -41.5134 5.8446
304 1123.92 12.8761 45550.4 -41.6387 5.95643
305 1146.32 3.50977 45557.5 -41.7707 6.07509
306 1169.83 -5.8071 45564.7 -41.9086 6.19968
307 1194.24 -15.038 45571.8 -42.0513 6.32909
308 1219.33 -24.1319 45578.9 -42.1976 6.46202
309 1244.8 -33.0449 45585.9 -42.3459 6.59702
310 1270.35 -41.7393 45592.9 -42.4946 6.73245
311 1295.66 -50.183 45599.7 -42.6421 6.86659
312 1320.39 -58.3466 45606.3 -42.7866 6.99761
313 1344.17 -66.2095 45612.7 -42.9261 7.12368
314 1366.69 -73.769 45618.9 -43.0589 7.24299
315 1387.6 -81.0256 45624.9 -43.1832 7.35383
316 1406.62 -87.9754 45630.6 -43.2976 7.45463
317 1423.48 -94.6025 45636 -43.4006 7.54398
318 1437.58 -104.668 45641.1 -43.4889 7.61867
319 1448.49 -112.702 45645.8 -43.5602 7.67652
320 1456.38 -118.708 45650.1 -43.6156 7.71835
321 1461.36 -122.993 45654 -43.6555 7.74473
322 1463.43 -125.627 45657.5 -43.68 7.75567
323 1462.69 -128.521 45660.6 -43.6893 7.75179
324 1459.37 -131.185 45663.2 -43.6851 7.73419
325 1453.52 -133.877 45665.4 -43.6675 7.70319
326 1445.13 -136.424 45667.1 -43.636 7.6587
327 1434.28 -137.739 45668.3 -43.5913 7.60123
328 1421.17 -137.868 45669 -43.5345 7.53172
329 1405.95 -136.734 45669.3 -43.4662 7.45109
330 1388.8 -134.191 45669.1 -43.3874 7.36017
331 1369.86 -130.042 45668.4 -43.2988 7.25979
332 1349.44 -126.264 45667.2 -43.2016 7.15158
333 1328.11 -123.946 45665.7 -43.0995 7.03851
334 1306.36 -121.352 45663.6 -42.9949 6.92329
335 1284.6 -118.562 45661.2 -42.8897 6.80793
336 1263.18 -115.65 45658.4 -42.7859 6.69442
337 1242.47 -112.678 45655.1 -42.6854 6.58465
338 1222.79 -110.167 45651.5 -42.59 6.4804
339 1204.46 -108.011 45647.4 -42.5013 6.38326
340 1187.72 -106.206 45643 -42.4206 6.29454
341 1172.76 -104.758 45638.2 -42.3489 6.21525
342 1159.72 -103.655 45633.1 -42.287 6.14612
343 1148.67 -102.876 45627.6 -42.2351 6.08756
344 1139.63 -102.405 45621.7 -42.1936 6.03967
345 1132.58 -102.26 45615.5 -42.1622 6.00232
346 1127.44 -102.511 45608.9 -42.1406 5.97508
347 1124.1 -103.206 45602 -42.1281 5.95735
348 1122.41 -104.3 45594.7 -42.1239 5.94842
349 1122.25 -105.736 45587 -42.1275 5.94753
350 1123.47 -107.457 45579 -42.138 5.954
351 1125.95 -109.407 45570.6 -42.1548 5.96716
352 1129.59 -111.539 45561.8 -42.1774 5.98645
353 1134.3 -113.819 45552.6 -42.2053 6.0114
354 1140 -116.228 45543 -42.238 6.0416
355 1146.63 -118.775 45533 -42.2754 6.07678
356 1154.19 -121.644 45522.6 -42.3172 6.1168
357 1162.72 -125.821 45511.8 -42.3638 6.16204
358 1172.32 -129.99 45500.5 -42.4158 6.2129
359 1182.81 -135.681 45488.8 -42.4721 6.26849
360 1194.06 -140.485 45476.6 -42.5322 6.32813
361 1206.13 -144.451 45463.9 -42.5962 6.39207
362 1219.01 -147.757 45450.7 -42.6641 6.46032
363 1232.67 -150.542 45437 -42.7359 6.53272
364 1247.06 -152.894 45422.7 -42.8112 6.60902
365 1262.15 -154.853 45407.9 -42.8898 6.68896
366 1277.87 -156.405 45392.6 -42.9714 6.77229
367 1294.19 -157.357 45376.8 -43.0557 6.85877
368 1311.05 -157.583 45360.3 -43.1426 6.94813
369 1328.4 -157.988 45343.4 -43.2316 7.04005
370 1346.14 -157.683 45325.8 -43.3224 7.13408
371 1364.15 -156.657 45307.8 -43.4142 7.22953
372 1382.26 -154.852 45289.2 -43.5061 7.32554
373 1400.29 -152.27 45270 -43.5972 7.42109
374 1417.83 -151.781 45250.3 -43.6853 7.514
375 1434.48 -150.165 45230.1 -43.7682 7.60224
376 1450.18 -147 45209.4 -43.8456 7.68545
377 1464.88 -142.501 45188.2 -43.9173 7.76337
378 1478.45 -136.548 45166.5 -43.9826 7.83529
379 1490.61 -128.69 45144.3 -44.0401 7.89973
380 1501.24 -120.931 45121.6 -44.0884 7.95605
381 1510.48 -113.459 45098.6 -44.1293 8.00503
382 1518.41 -105.535 45075.2 -44.1627 8.04708
383 1525.07 -97.426 45051.4 -44.1889 8.08234
384 1530.54 -89.0078 45027.3 -44.2083 8.11135
385 1535.01 -80.5574 45002.8 -44.2219 8.13506
386 1538.67 -73.7577 44978.2 -44.2306 8.15443
387 1541.8 -66.461 44953.2 -44.2361 8.17101
388 1544.91 -58.6562 44928.1 -44.2409 8.1875
389 1548.6 -50.42 44902.7 -44.2484 8.20704
390 1553.5 -42.1455 44877.2 -44.2617 8.23305
391 1560.28 -34.1831 44851.6 -44.2845 8.26899
392 1569.53 -26.261 44825.9 -44.3199 8.31797
393 1581.7 -18.5571 44800 -44.3703 8.38249
394 1597.11 -11.2237 44774.2 -44.4373 8.46414
395 1615.83 -4.36594 44748.3 -44.5214 8.56338
396 1637.73 1.99905 44722.4 -44.6218 8.67941
397 1662.39 8.13145 44696.5 -44.7363 8.81011
398 1689.2 13.5958 44670.7 -44.8616 8.95219
399 1717.37 18.7602 44644.9 -44.9934 9.10147
400 1746.08 23.2554 44619.2 -45.1274 9.25362
401 1770.43 25.4025 44619.2 -45.2566 9.38271
402 1793.82 27.7658 44619.2 -45.3804 9.50663
403 1815.58 30.5922 44619.2 -45.4954 9.62198
404 1835.21 33.8525 44619.3 -45.5988 9.72601
405 1852.29 37.7695 44619.4 -45.6886 9.81651
406 1866.49 43.208 44619.5 -45.7629 9.89176
407 1877.55 50.6395 44619.6 -45.8204 9.95038
408 1885.36 58.8237 44619.8 -45.8603 9.99179
409 1889.74 64.405 44620 -45.8822 10.015
410 1890.63 71.9689 44620.2 -45.8852 10.0197
411 1888.5 78.8107 44620.4 -45.8721 10.0084
412 1883.81 85.738 44620.8 -45.8453 9.98357
413 1876.92 93.0541 44621.1 -45.8068 9.94707
414 1868.19 101.039 44621.5 -45.7584 9.90077
415 1857.93 110.214 44622 -45.7019 9.8464
416 1846.36 121.235 44622.5 -45.6384 9.78508
417 1833.49 134.769 44623.1 -45.568 9.71686
418 1819.55 147.206 44623.7 -45.4908 9.64303
419 1805.26 157.099 44624.5 -45.4123 9.56727
420 1791.11 166.631 44625.3 -45.3345 9.49227
421 1777.3 175.61 44626.2 -45.2583 9.41908
422 1763.99 182.842 44627.2 -45.1846 9.34855
423 1751.36 189.809 44628.3 -45.1142 9.28161
424 1739.64 196.653 44629.5 -45.0485 9.21953
425 1729.12 203.491 44630.8 -44.9889 9.16374
426 1720.04 210.303 44632.2 -44.9368 9.11561
427 1712.6 216.864 44633.8 -44.8932 9.07623
428 1706.95 223.191 44635.4 -44.8588 9.04628
429 1703.16 229.542 44637.1 -44.8341 9.0262
430 1701.33 235.563 44639 -44.8193 9.01647
431 1701.68 239.826 44641 -44.816 9.01833
432 1704.41 243.628 44643.2 -44.8251 9.03281
433 1709.57 246.912 44645.4 -44.8467 9.06013
434 1717.18 248.685 44647.8 -44.881 9.10047
435 1727.24 249.427 44650.3 -44.9282 9.1538
436 1739.64 248.998 44653 -44.9875 9.21953
437 1754.12 246.545 44655.7 -45.0574 9.29623
438 1770.39 243.818 44658.7 -45.1366 9.38247
439 1788.23 240.867 44661.7 -45.2238 9.47703
440 1807.34 237.579 44664.9 -45.3173 9.57828
441 1827.54 231.846 44668.1 -45.4164 9.68535
442 1848.7 225.225 44671.6 -45.5203 9.79747
443 1870.5 217.706 44675.1 -45.6273 9.91301
444 1892.64 209.302 44678.8 -45.7358 10.0304
445 1914.82 200.04 44682.5 -45.8443 10.1479
446 1936.66 188.038 44686.4 -45.9509 10.2637
447 1957.77 174.922 44690.4 -46.0531 10.3755
448 1977.95 161.833 44694.4 -46.1501 10.4825
449 1997.06 147.344 44698.6 -46.2415 10.5838
450 2014.99 132.127 44702.8 -46.3262 10.6788
451 2031.27 113.048 44707.1 -46.4019 10.765
452 2045.73 96.0937 44711.5 -46.4677 10.8417
453 2058.86 80.8436 44715.9 -46.5264 10.9113
454 2071.07 66.6009 44720.3 -46.5802 10.976
455 2082.64 52.8713 44724.8 -46.6305 11.0373
456 2093.75 39.3504 44729.4 -46.6783 11.0962
457 2104.5 25.8942 44733.9 -46.7243 11.1531
458 2114.92 12.0683 44738.5 -46.7685 11.2084
459 2124.96 -2.15888 44743.1 -46.8106 11.2616
460 2134.54 -16.0139 44747.7 -46.8503 11.3123
461 2143.51 -30.3051 44752.3 -46.8869 11.3599
462 2151.66 -43.9973 44756.8 -46.919 11.4031
463 2158.83 -56.5359 44761.4 -46.946 11.4411
464 2164.92 -68.061 44765.9 -46.9673 11.4733
465 2169.74 -78.715 44770.4 -46.9819 11.4989
466 2173.13 -88.6132 44774.9 -46.9891 11.5168
467 2174.87 -97.8195 44779.3 -46.9876 11.5261
468 2174.79 -106.325 44783.7 -46.9766 11.5257
469 2172.7 -114.023 44788 -46.955 11.5146
470 2168.42 -120.64 44792.3 -46.922 11.4919
471 2161.79 -125.748 44796.5 -46.8766 11.4568
472 2152.65 -128.814 44800.6 -46.8181 11.4083
473 2140.82 -129.345 44804.7 -46.7455 11.3457
474 2126.62 -132.401 44808.7 -46.6603 11.2704
475 2110.48 -134.415 44812.7 -46.565 11.1848
476 2092.47 -136.243 44816.6 -46.4602 11.0894
477 2072.59 -137.964 44820.4 -46.3452 10.984
478 2050.98 -138.03 44824.2 -46.2213 10.8695
479 2027.84 -136.051 44827.8 -46.0893 10.7469
480 2003.38 -132.946 44831.5 -45.9504 10.6172
481 1977.81 -128.895 44835 -45.8057 10.4817
482 1951.36 -124.035 44838.5 -45.6564 10.3416
483 1924.27 -118.468 44841.9 -45.5037 10.198
484 1896.79 -112.253 44845.3 -45.3488 10.0524
485 1869.17 -105.403 44848.6 -45.1933 9.906
486 1841.66 -97.8737 44851.9 -45.0382 9.76019
487 1814.47 -89.5585 44855.1 -44.8848 9.61606
488 1787.75 -80.2731 44858.3 -44.7338 9.47448
489 1761.61 -69.7491 44861.4 -44.5858 9.33592
490 1736.03 -57.634 44864.5 -44.4407 9.20038
491 1711.07 -45.061 44867.6 -44.2981 9.06808
492 1687.1 -34.9603 44870.7 -44.1611 8.94105
493 1664.5 -24.8333 44873.7 -44.031 8.8213
494 1643.37 -14.7175 44876.7 -43.9086 8.7093
495 1623.76 -4.63315 44879.8 -43.7939 8.60538
496 1605.71 5.42308 44882.8 -43.6872 8.50971
497 1589.21 15.4578 44885.8 -43.5885 8.42226
498 1574.23 25.4844 44888.9 -43.4975 8.34291
499 1560.74 35.4098 44891.9 -43.414 8.27138
500 1548.65 45.2457 44895 -43.3376 8.20734
501 1537.9 55.0828 44898.1 -43.2679 8.15038
502 1528.41 64.8951 44901.3 -43.2044 8.10006
503 1520.08 74.6684 44904.4 -43.1467 8.05593
504 1512.83 84.2521 44907.7 -43.0942 8.0175
505 1506.56 93.7272 44910.9 -43.0465 7.98424
506 1501.14 103.262 44914.2 -43.0028 7.95555
507 1496.45 113 44917.6 -42.9625 7.93069
508 1492.38 122.348 44921.1 -42.9248 7.90913
509 1488.97 130.503 44924.6 -42.8902 7.89103
510 1486.2 138.645 44928.1 -42.8586 7.87638
511 1483.99 146.876 44931.8 -42.8293 7.86465
512 1482.23 154.467 44935.5 -42.8018 7.8553
513 1480.65 157.325 44939.3 -42.7745 7.84694
514 1479.18 161.663 44943.2 -42.7473 7.83916
515 1478.1 167.009 44947.2 -42.7215 7.83345
516 1477.63 172.966 44951.3 -42.6985 7.83096
517 1477.94 178.983 44955.4 -42.6789 7.83261
518 1479.17 184.602 44959.7 -42.6636 7.83909
519 1481.43 190.346 44964.1 -42.6531 7.85109
520 1484.87 196.008 44968.6 -42.6481 7.8693
521 1489.6 201.435 44973.1 -42.6493 7.8944
522 1495.76 206.514 44977.8 -42.6574 7.92705
523 1503.47 211.152 44982.6 -42.6729 7.96788
524 1512.82 215.277 44987.5 -42.6963 8.01745
525 1523.91 218.84 44992.5 -42.7281 8.07621
526 1536.77 221.835 44997.7 -42.7685 8.14438
527 1551.41 224.287 45002.9 -42.8174 8.22195
528 1567.75 226.261 45008.3 -42.8745 8.30855
529 1585.65 227.87 45013.8 -42.9389 8.4034
530 1604.87 229.296 45019.5 -43.0093 8.50528
531 1624.96 229.244 45025.2 -43.0839 8.61174
532 1645.2 228.028 45031.1 -43.1577 8.71903
533 1665.1 229.167 45037.1 -43.2286 8.82447
534 1684.8 227.211 45043.2 -43.2975 8.92888
535 1704.51 225.476 45049.5 -43.3655 9.03336
536 1724.1 223.837 45055.8 -43.4319 9.13714
537 1743.39 222.127 45062.3 -43.4958 9.23938
538 1762.24 220.356 45069 -43.5565 9.33926
539 1780.51 218.6 45075.7 -43.6132 9.4361
540 1798.12 216.977 45082.6 -43.6655 9.52942
541 1815.02 215.621 45089.5 -43.7133 9.61898
542 1831.16 214.028 45096.6 -43.7565 9.70452
543 1846.47 212.163 45103.8 -43.7944 9.78566
544 1861 210.998 45111.2 -43.8275 9.8627
545 1874.94 210.18 45118.6 -43.8569 9.93656
546 1888.43 209.938 45126.2 -43.8833 10.0081
547 1901.59 210.595 45133.8 -43.9076 10.0778
548 1914.52 212.186 45141.6 -43.9302 10.1463
549 1927.17 213.21 45149.5 -43.9508 10.2134
550 1939.5 215.625 45157.6 -43.9694 10.2787
551 1951.62 218.901 45165.7 -43.9866 10.3429
552 1963.59 223.063 45174 -44.0029 10.4064
553 1975.57 226.158 45182.4 -44.0189 10.4698
554 1987.67 229.481 45190.9 -44.0354 10.534
555 1999.88 233.038 45199.5 -44.0524 10.5987
556 2012.13 236.973 45208.3 -44.0695 10.6636
557 2024.28 241.52 45217.2 -44.0861 10.728
558 2036.33 244.718 45226.2 -44.102 10.7919
559 2048.4 247.158 45235.4 -44.1182 10.8559
560 2060.52 249.096 45244.7 -44.1347 10.9201
561 2072.65 249.624 45254.2 -44.1514 10.9844
562 2084.76 249.527 45263.8 -44.1682 11.0485
563 2096.76 249.984 45273.5 -44.1846 11.1121
564 2108.61 250.445 45283.3 -44.2004 11.1749
565 2120.27 250.914 45293.4 -44.2156 11.2367
566 2131.78 251.4 45303.5 -44.2302 11.2977
567 2143.19 251.92 45313.8 -44.2447 11.3582
568 2154.59 252.502 45324.2 -44.2596 11.4186
569 2166.1 253.036 45334.8 -44.2754 11.4796
570 2177.88 252.499 45345.5 -44.2933 11.542
571 2190.11 251.669 45356.3 -44.314 11.6069
572 2202.94 250.613 45367.3 -44.3385 11.6748
573 2216.17 246.313 45378.5 -44.366 11.7449
574 2229.62 240.594 45389.7 -44.3948 11.8162
575 2243.39 236.409 45401.2 -44.426 11.8892
576 2257.5 233.703 45412.7 -44.4597 11.964
577 2272.05 229.293 45424.4 -44.4959 12.0411
578 2287.22 223.111 45436.2 -44.5365 12.1215
579 2302.98 216.433 45448.1 -44.5809 12.205
580 2319.11 209.245 45460.2 -44.628 12.2905
581 2335.39 201.608 45472.4 -44.6766 12.3768
582 2351.56 193.605 45484.7 -44.7253 12.4625
583 2367.44 185.345 45497.1 -44.7732 12.5466
584 2382.84 176.993 45509.6 -44.8194 12.6283
585 2397.66 168.69 45522.2 -44.8634 12.7068
586 2411.84 160.58 45534.9 -44.9047 12.7819
587 2425.29 152.016 45547.8 -44.9431 12.8532
588 2438.07 143.138 45560.7 -44.9787 12.921
589 2450.47 133.306 45573.7 -45.0132 12.9866
590 2462.76 123.648 45586.7 -45.0482 13.0518
591 2475.14 114.047 45599.9 -45.0846 13.1174
592 2487.84 104.419 45613.1 -45.1236 13.1847
593 2500.96 93.9932 45626.4 -45.1662 13.2543
594 2514.56 82.5757 45639.7 -45.2118 13.3264
595 2528.83 71.8415 45653.1 -45.262 13.4019
596 2544.02 60.6527 45666.6 -45.3182 13.4825
597 2560.32 48.5949 45680.1 -45.3811 13.5689
598 2577.87 36.7587 45693.6 -45.4517 13.6619
599 2596.81 25.2231 45707.2 -45.5306 13.7622
600 2617.27 14.0516 45720.8 -45.6184 13.8706
601 2639.3 3.24483 45734.4 -45.7157 13.9874
602 2662.94 -7.29191 45748 -45.8226 14.1127
603 2688.15 -17.8744 45761.6 -45.9388 14.2463
604 2714.81 -29.1062 45775.2 -46.0638 14.3876
605 2742.78 -40.0355 45788.8 -46.1968 14.5358
606 2771.89 -50.6191 45802.4 -46.3369 14.6901
607 2801.91 -60.8208 45816 -46.4832 14.8492
608 2832.64 -70.614 45829.6 -46.6343 15.012
609 2863.8 -79.964 45843.1 -46.789 15.1772
610 2895.13 -88.8294 45856.6 -46.9459 15.3432
611 2926.33 -97.1653 45870.1 -47.1035 15.5086
612 2957.13 -104.927 45883.5 -47.2604 15.6718
613 2987.23 -112 45896.9 -47.4151 15.8313
614 3016.21 -119.526 45910.2 -47.5658 15.9849
615 3043.53 -127.597 45923.5 -47.7088 16.1297
616 3068.83 -133.391 45936.7 -47.8427 16.2638
617 3091.98 -137.164 45949.8 -47.967 16.3865
618 3112.83 -139.193 45962.9 -48.0807 16.4969
619 3131.2 -139.719 45975.9 -48.1832 16.5943
620 3146.92 -138.922 45988.9 -48.2733 16.6776
621 3159.67 -138.187 46001.8 -48.3496 16.7452
622 3169.16 -135.573 46014.6 -48.4104 16.7955
623 3175.17 -130.949 46027.4 -48.4546 16.8274
624 3177.58 -125.62 46040.1 -48.4812 16.8401
625 3176.35 -119.337 46052.7 -48.4906 16.8336
626 3171.39 -111.255 46065.3 -48.4819 16.8073
627 3162.51 -101.607 46077.8 -48.454 16.7603
628 3149.75 -92.2528 46090.3 -48.4072 16.6926
629 3133.18 -81.7569 46102.7 -48.3417 16.6048
630 3112.83 -70.0989 46115.2 -48.2576 16.497
631 3088.73 -57.1766 46127.5 -48.1549 16.3693
632 3060.93 -42.7449 46139.9 -48.0339 16.2219
633 3029.45 -26.3492 46152.3 -47.8946 16.0551
634 2994.34 -8.93035 46164.6 -47.7367 15.869
635 2955.85 7.88438 46176.9 -47.5621 15.665
636 2914.19 25.9448 46189.3 -47.3709 15.4442
637 2870.18 39.6108 46201.7 -47.1682 15.211
638 2824.86 52.6244 46214.1 -46.959 14.9708
639 2778.83 64.842 46226.6 -46.7463 14.7268
640 2732.64 76.1531 46239.1 -46.533 14.4821
641 2686.89 86.4834 46251.6 -46.3222 14.2396
642 2642.09 95.7901 46264.2 -46.1165 14.0022
643 2598.77 104.055 46276.9 -45.9187 13.7726
644 2557.41 111.275 46289.6 -45.731 13.5534
645 2518.44 117.528 46302.5 -45.556 13.3469
646 2482.28 122.72 46315.3 -45.3955 13.1552
647 2449.4 124.94 46328.3 -45.2524 12.981
648 2420.24 126.147 46341.4 -45.1287 12.8265
649 2395.13 126.309 46354.5 -45.0261 12.6934
650 2374.37 125.361 46367.7 -44.9464 12.5833
651 2358.27 123.243 46381 -44.8913 12.498
652 2347.13 119.958 46394.3 -44.8622 12.439
653 2341.2 115.552 46407.8 -44.8606 12.4076
654 2340.67 110.124 46421.3 -44.8875 12.4048
655 2345.66 103.838 46434.8 -44.9438 12.4312
656 2356.17 96.8675 46448.5 -45.0293 12.4869
657 2372.04 89.3688 46462.2 -45.1434 12.571
658 2393 81.4719 46476 -45.2847 12.6821
659 2418.56 72.5933 46489.8 -45.451 12.8176
660 2448.04 62.714 46503.7 -45.6382 12.9738
661 2480.78 53.199 46517.6 -45.8431 13.1473
662 2516.14 43.8512 46531.6 -46.0624 13.3347
663 2553.38 34.5888 46545.6 -46.2923 13.532
664 2591.59 24.0236 46559.6 -46.5281 13.7346
665 2629.87 14.2039 46573.6 -46.7649 13.9374
666 2667.42 5.49605 46587.7 -46.9987 14.1364
667 2703.46 -2.20963 46601.8 -47.2252 14.3275
668 2737.51 -11.0505 46615.9 -47.442 14.5079
669 2769.19 -19.3542 46630 -47.6472 14.6758
670 2798 -27.8042 46644.1 -47.8382 14.8285
671 2823.43 -37.0715 46658.2 -48.0121 14.9633
672 2845.16 -45.3864 46672.2 -48.1672 15.0784
673 2863.05 -52.8042 46686.3 -48.3028 15.1732
674 2877.06 -59.4016 46700.3 -48.4187 15.2474
675 2887.26 -65.2493 46714.4 -48.5153 15.3015
676 2893.65 -72.3175 46728.4 -48.5928 15.3354
677 2896.19 -79.2336 46742.3 -48.6503 15.3489
678 2895.04 -84.7118 46756.3 -48.6893 15.3427
679 2890.09 -92.7452 46770.2 -48.7077 15.3165
680 2881.8 -98.459 46784 -48.7094 15.2726
681 2871.17 -101.949 46797.8 -48.6993 15.2162
682 2858.78 -104.051 46811.6 -48.6803 15.1506
683 2844.98 -105.273 46825.3 -48.6544 15.0774
684 2830.03 -106.524 46839 -48.6226 14.9982
685 2814.14 -108.285 46852.6 -48.5863 14.914
686 2797.48 -109.946 46866.1 -48.546 14.8257
687 2780.15 -111.47 46879.7 -48.5024 14.7338
688 2762.28 -112.782 46893.1 -48.456 14.6392
689 2744.04 -113.808 46906.5 -48.4077 14.5425
690 2725.62 -114.481 46919.9 -48.3584 14.4449
691 2707.22 -114.669 46933.2 -48.3092 14.3474
692 2689.05 -114.111 46946.4 -48.2612 14.2511
693 2671.28 -112.787 46959.6 -48.2153 14.1569
694 2654.09 -110.996 46972.7 -48.1723 14.0658
695 2637.62 -108.687 46985.8 -48.133 13.9785
696 2622.08 -107.428 46998.8 -48.0983 13.8961
697 2607.76 -108.102 47011.8 -48.0701 13.8202
698 2594.64 -110.875 47024.7 -48.0482 13.7507
699 2582.62 -113.238 47037.6 -48.0319 13.687
700 2571.76 -115.297 47050.4 -48.0216 13.6295
701 2571.48 -115.688 47050.3 -48.0205 13.628
702 2572.01 -115.915 47050.2 -48.0247 13.6308
703 2573.17 -115.953 47050.1 -48.0332 13.6369
704 2574.71 -115.819 47049.9 -48.0447 13.6451
705 2576.39 -115.453 47049.6 -48.0582 13.654
706 2578 -114.761 47049.2 -48.0724 13.6625
707 2579.33 -113.682 47048.8 -48.0864 13.6696
708 2580.23 -112.199 47048.4 -48.0995 13.6744
709 2580.56 -110.328 47047.9 -48.1111 13.6761
710 2580.19 -108.078 47047.3 -48.1205 13.6741
711 2579.03 -105.416 47046.6 -48.1275 13.668
712 2576.98 -102.329 47045.9 -48.1315 13.6571
713 2573.93 -99.1209 47045.2 -48.1322 13.641
714 2569.73 -96.1963 47044.4 -48.1287 13.6187
715 2564.12 -94.049 47043.5 -48.1198 13.589
716 2556.95 -90.4859 47042.6 -48.1048 13.551
717 2548.32 -85.4845 47041.7 -48.0844 13.5053
718 2538.29 -79.357 47040.7 -48.0588 13.4521
719 2526.97 -73.2203 47039.6 -48.029 13.3921
720 2514.45 -66.0813 47038.6 -47.9955 13.3257
721 2500.75 -57.9643 47037.5 -47.9583 13.2532
722 2485.87 -48.9533 47036.3 -47.9177 13.1743
723 2469.8 -39.0258 47035.2 -47.8736 13.0891
724 2452.67 -30.3806 47034 -47.8267 12.9983
725 2434.7 -22.1981 47032.8 -47.7786 12.9031
726 2416.01 -13.733 47031.6 -47.7297 12.804
727 2396.67 -4.99205 47030.4 -47.6807 12.7015
728 2376.73 4.03064 47029.2 -47.6318 12.5959
729 2356.23 13.3504 47028 -47.5834 12.4872
730 2335.17 23.1476 47026.8 -47.5356 12.3756
731 2313.51 33.4504 47025.6 -47.4882 12.2608
732 2290.99 41.7977 47024.5 -47.4401 12.1415
733 2267.33 51.4306 47023.3 -47.3896 12.0161
734 2242.41 62.7792 47022.3 -47.3363 11.884
735 2216.42 71.9096 47021.2 -47.281 11.7463
736 2189.7 80.4171 47020.2 -47.2259 11.6047
737 2162.32 88.8998 47019.3 -47.1714 11.4596
738 2134.32 97.3348 47018.4 -47.1176 11.3112
739 2105.66 105.762 47017.5 -47.0644 11.1593
740 2076.3 114.197 47016.7 -47.0118 11.0037
741 2046.36 120.843 47016 -46.9603 10.845
742 2015.97 127.115 47015.4 -46.9108 10.684
743 1985.15 133.05 47014.8 -46.8635 10.5207
744 1953.93 138.688 47014.4 -46.8188 10.3552
745 1922.29 143.787 47014 -46.777 10.1875
746 1890.14 147.89 47013.7 -46.7381 10.0171
747 1857.4 152.241 47013.4 -46.7023 9.84359
748 1823.96 156.785 47013.3 -46.6705 9.66639
749 1789.56 161.405 47013.3 -46.6435 9.48406
750 1753.52 165.959 47013.3 -46.6219 9.29309
751 1747.67 174.235 47014.3 -46.6063 9.26204
752 1737.32 179.9 47017.3 -46.5974 9.20722
753 1722.8 184.067 47022.5 -46.5963 9.13027
754 1704.28 184.315 47029.8 -46.6029 9.03214
755 1682.03 183.155 47039.2 -46.6166 8.91418
756 1656.52 181.392 47050.9 -46.6376 8.77903
757 1628.37 178.619 47064.6 -46.6656 8.62982
758 1598.26 175.411 47080.5 -46.7001 8.47024
759 1566.94 172.258 47098.4 -46.74 8.30427
760 1535.15 169.46 47118.4 -46.7835 8.1358
761 1503.83 164.563 47140.3 -46.8303 7.96978
762 1473.85 159.436 47164.3 -46.8803 7.81091
763 1445.67 154.131 47190.1 -46.9323 7.66156
764 1419.49 148.683 47217.7 -46.9851 7.5228
765 1395.25 143.109 47247.2 -47.0376 7.39436
766 1372.72 136.493 47278.3 -47.089 7.27497
767 1351.55 129.589 47311.1 -47.1386 7.16275
768 1331.38 122.525 47345.5 -47.186 7.05587
769 1311.94 115.665 47381.4 -47.2316 6.95284
770 1293.05 108.557 47418.6 -47.2761 6.85274
771 1274.66 100.927 47457.3 -47.3206 6.75525
772 1256.81 92.7827 47497.1 -47.3667 6.6607
773 1239.69 84.1138 47538.1 -47.4161 6.56997
774 1223.53 74.8999 47580.2 -47.4709 6.48433
775 1208.6 65.1378 47623.2 -47.5331 6.4052
776 1195.16 54.8344 47667.1 -47.6044 6.33394
777 1183.33 42.9442 47711.7 -47.6859 6.27127
778 1173.11 28.9091 47756.8 -47.7772 6.21709
779 1164.48 15.1649 47802.4 -47.8786 6.17136
780 1157.41 1.57749 47848.3 -47.9898 6.13387
781 1179.96 -6.58801 47848.3 -48.1149 6.25337
782 1202.28 -15.0053 47848.3 -48.2492 6.37169
783 1224.13 -23.6077 47848.1 -48.3904 6.48747
784 1245.14 -32.3068 47847.7 -48.5359 6.5988
785 1264.89 -40.9997 47847 -48.6828 6.70352
786 1282.99 -49.579 47845.8 -48.8283 6.79944
787 1299.06 -57.9424 47844.1 -48.9699 6.88459
788 1312.79 -65.9991 47841.8 -49.1053 6.95733
789 1323.91 -74.404 47838.7 -49.2326 7.0163
790 1332.23 -83.2765 47834.7 -49.3497 7.06038
791 1337.66 -91.3411 47829.9 -49.4557 7.08914
792 1340.24 -98.5813 47823.9 -49.5499 7.10282
793 1340.09 -104.985 47816.9 -49.6321 7.10203
794 1337.38 -110.53 47808.7 -49.7025 7.08764
795 1332.29 -115.164 47799.2 -49.7611 7.06068
796 1340.46 -118.126 47799 -49.8064 7.10397
797 1345.56 -120.964 47798.5 -49.8385 7.13104
798 1347.59 -122.027 47797.6 -49.8578 7.14179
799 1346.87 -123.617 47796.4 -49.8661 7.13796
800 1343.72 -124.737 47794.8 -49.865 7.12127
801 1338.32 -125.48 47792.9 -49.8554 7.09265
802 1330.85 -125.567 47790.6 -49.8381 7.05304
803 1321.48 -124.951 47787.9 -49.8141 7.00342
804 1310.45 -123.585 47784.9 -49.7843 6.94495
805 1298.03 -122.227 47781.5 -49.75 6.87913
806 1284.63 -122.237 47777.7 -49.7135 6.80813
807 1270.66 -122.105 47773.6 -49.6766 6.73409
808 1256.44 -121.911 47769.1 -49.6408 6.65873
809 1242.3 -121.747 47764.3 -49.6078 6.58377
810 1228.55 -121.704 47759.1 -49.5791 6.51091
811 1215.5 -121.869 47753.6 -49.5561 6.44173
812 1203.42 -122.313 47747.7 -49.5401 6.37773
813 1192.57 -123.09 47741.5 -49.5324 6.32023
814 1183.16 -124.236 47734.9 -49.534 6.27035
815 1175.36 -125.551 47727.9 -49.5456 6.22903
816 1169.32 -126.967 47720.6 -49.568 6.19701
817 1165.1 -129.233 47712.9 -49.6013 6.17464
818 1162.69 -131.749 47704.8 -49.6455 6.16188
819 1162.04 -134.314 47696.3 -49.7001 6.15843
820 1163.02 -136.808 47687.5 -49.7645 6.16364
821 1165.47 -139.18 47678.2 -49.8375 6.1766
822 1169.18 -141.421 47668.6 -49.9181 6.19626
823 1173.93 -143.556 47658.5 -50.005 6.22146
824 1179.51 -145.619 47648 -50.0968 6.25099
825 1185.67 -147.625 47637.1 -50.1922 6.28366
826 1192.21 -149.521 47625.8 -50.29 6.31834
827 1198.93 -151.22 47614 -50.389 6.35393
828 1205.63 -152.62 47601.8 -50.4881 6.38944
829 1212.13 -153.604 47589.2 -50.5861 6.4239
830 1218.26 -154.06 47576.1 -50.682 6.45636
831 1223.83 -153.89 47562.6 -50.7748 6.48591
832 1228.69 -153.027 47548.6 -50.8635 6.51165
833 1232.66 -151.444 47534.1 -50.947 6.53271
834 1235.61 -149.165 47519.3 -51.0247 6.54832
835 1237.31 -147.29 47504 -51.0953 6.55732
836 1237.54 -144.643 47488.3 -51.1573 6.55853
837 1236.2 -140.716 47472.2 -51.2103 6.55143
838 1233.23 -136.098 47455.6 -51.2538 6.53569
839 1228.5 -133.231 47438.7 -51.2874 6.51062
840 1221.83 -129.751 47421.4 -51.3098 6.47531
841 1213.13 -124.905 47403.8 -51.3205 6.42919
842 1202.43 -119.776 47385.8 -51.3193 6.37245
843 1189.98 -115.201 47367.4 -51.3081 6.30649
844 1176.04 -110.179 47348.7 -51.288 6.2326
845 1160.75 -104.663 47329.8 -51.2597 6.15159
846 1144.29 -97.9335 47310.5 -51.2241 6.06435
847 1126.84 -90.6052 47290.9 -51.1822 5.97187
848 1108.64 -82.8069 47271.1 -51.1352 5.87542
849 1089.96 -74.6279 47251.1 -51.0846 5.77645
850 1071.14 -66.1786 47230.9 -51.0321 5.67666
851 1052.51 -57.6085 47210.5 -50.9797 5.57796
852 1034.48 -49.0998 47190 -50.9293 5.4824
853 1017.5 -41.8811 47169.3 -50.8836 5.39239
854 1001.99 -35.1969 47148.5 -50.8449 5.31021
855 988.307 -29.1241 47127.6 -50.8151 5.23769
856 976.719 -23.6893 47106.7 -50.7958 5.17629
857 967.403 -18.8651 47085.7 -50.788 5.12691
858 960.424 -14.8229 47064.7 -50.7923 5.08993
859 955.842 -13.8786 47043.7 -50.809 5.06565
860 953.656 -14.0718 47022.6 -50.8385 5.05406
861 953.707 -15.3161 47001.5 -50.8799 5.05433
862 955.762 -17.6757 46980.4 -50.9321 5.06522
863 959.537 -20.7592 46959.2 -50.9939 5.08522
864 964.717 -24.4471 46938 -51.0635 5.11268
865 970.98 -28.5443 46916.8 -51.1395 5.14587
866 978.013 -32.9637 46895.4 -51.2202 5.18314
867 985.522 -37.6569 46874.1 -51.3041 5.22293
868 993.235 -42.5383 46852.6 -51.3899 5.26381
869 1000.91 -47.5375 46831 -51.4763 5.3045
870 1008.34 -52.5974 46809.3 -51.5623 5.34387
871 1015.23 -58.5745 46787.4 -51.6466 5.3804
872 1021.25 -65.2545 46765.5 -51.7268 5.41228
873 1026.26 -71.1825 46743.3 -51.8025 5.43886
874 1030.31 -76.7011 46721 -51.8739 5.46028
875 1033.37 -81.9884 46698.4 -51.9409 5.4765
876 1035.43 -87.0803 46675.7 -52.0033 5.48742
877 1036.49 -92.0871 46652.7 -52.0611 5.49304
878 1036.59 -97.4879 46629.5 -52.1144 5.49359
879 1035.78 -102.865 46606 -52.1635 5.48929
880 1034.09 -108.127 46582.2 -52.2085 5.48035
881 1031.6 -112.755 46558.2 -52.2496 5.46714
882 1028.38 -116.69 46533.8 -52.2872 5.45006
883 1024.49 -119.917 46509.2 -52.3215 5.42943
884 1019.9 -123.539 46484.2 -52.3524 5.40511
885 1014.58 -126.182 46458.9 -52.3796 5.37693
886 1008.57 -127.898 46433.3 -52.4032 5.34508
887 1001.9 -128.719 46407.3 -52.4232 5.30972
888 994.592 -128.654 46381 -52.4398 5.27101
889 986.695 -127.689 46354.4 -52.4531 5.22916
890 978.261 -125.802 46327.4 -52.4632 5.18446
891 969.374 -123.214 46300.1 -52.4705 5.13736
892 960.238 -122.18 46272.4 -52.4761 5.08894
893 951.043 -120.756 46244.5 -52.481 5.04021
894 941.864 -119.084 46216.2 -52.4855 4.99156
895 932.732 -118.124 46187.6 -52.4898 4.94317
896 923.655 -116.964 46158.8 -52.4938 4.89506
897 914.65 -115.48 46129.6 -52.4977 4.84734
898 905.73 -113.581 46100.1 -52.5015 4.80007
899 896.894 -111.183 46070.4 -52.5052 4.75324
900 888.132 -108.216 46040.3 -52.5086 4.7068
901 879.421 -104.634 46010 -52.5117 4.66064
902 870.727 -100.417 45979.5 -52.5143 4.61456
903 862.006 -95.561 45948.6 -52.5161 4.56834
904 853.21 -90.0833 45917.6 -52.5167 4.52173
905 844.301 -84.6362 45886.3 -52.5161 4.47451
906 835.23 -78.7101 45854.9 -52.5138 4.42644
907 825.925 -72.2112 45823.2 -52.5096 4.37713
908 816.299 -65.0701 45791.4 -52.5029 4.32611
909 806.25 -57.1507 45759.4 -52.4931 4.27286
910 795.744 -49.584 45727.3 -52.4799 4.21718
911 784.781 -41.8236 45695.2 -52.4636 4.15908
912 773.28 -33.2153 45662.9 -52.4434 4.09813
913 761.336 -26.0644 45630.6 -52.4199 4.03483
914 749.132 -18.9276 45598.2 -52.394 3.97015
915 736.762 -12.8945 45565.8 -52.3663 3.90459
916 724.342 -7.39842 45533.5 -52.3373 3.83877
917 711.985 -2.08532 45501.1 -52.3078 3.77328
918 699.822 3.01674 45468.8 -52.2783 3.70882
919 687.976 7.07656 45436.5 -52.2497 3.64604
920 676.541 9.78358 45404.3 -52.2222 3.58544
921 665.683 12.576 45372.1 -52.197 3.5279
922 655.63 14.7429 45340 -52.1753 3.47462
923 646.614 16.9749 45308 -52.1583 3.42684
924 638.892 19.237 45276.1 -52.1475 3.38592
925 632.711 21.4661 45244.2 -52.1443 3.35316
926 628.291 23.5833 45212.5 -52.1499 3.32973
927 625.832 24.9915 45180.8 -52.1655 3.3167
928 625.533 24.4609 45149.3 -52.1923 3.31511
929 627.503 23.3424 45117.8 -52.2311 3.32556
930 631.731 21.6163 45086.5 -52.2819 3.34796
931 638.128 19.2878 45055.2 -52.3443 3.38186
932 646.537 16.4187 45024.1 -52.4176 3.42643
933 656.734 13.1363 44993 -52.5009 3.48047
934 668.435 9.5584 44962 -52.5926 3.54248
935 681.322 5.79006 44931 -52.6912 3.61078
936 695.052 1.92706 44900.1 -52.7948 3.68355
937 709.282 -1.94205 44869.3 -52.9019 3.75896
938 723.677 -5.73566 44838.4 -53.0106 3.83525
939 737.938 -9.71502 44807.6 -53.1193 3.91083
940 751.834 -14.8867 44776.8 -53.227 3.98447
941 765.163 -19.9857 44746.1 -53.3324 4.05511
942 777.724 -24.9436 44715.2 -53.4347 4.12168
943 789.351 -29.6931 44684.4 -53.5329 4.1833
944 799.908 -34.1682 44653.5 -53.6262 4.23925
945 809.258 -39.3985 44622.6 -53.7139 4.2888
946 817.264 -44.574 44591.6 -53.7953 4.33123
947 823.775 -50.2524 44560.6 -53.8694 4.36573
948 828.698 -54.9065 44529.4 -53.9358 4.39182
949 831.956 -59.7128 44498.2 -53.9941 4.40909
950 833.465 -63.6104 44466.8 -54.0434 4.41709
951 833.26 -66.1558 44435.3 -54.0841 4.416
952 831.389 -67.4784 44403.7 -54.1162 4.40609
953 827.87 -67.6331 44371.9 -54.1397 4.38743
954 822.797 -68.108 44340.1 -54.1549 4.36055
955 816.315 -68.3779 44308 -54.1627 4.3262
956 808.463 -69.4115 44275.9 -54.1631 4.28458
957 799.253 -70.1912 44243.6 -54.156 4.23577
958 788.753 -70.2551 44211.2 -54.1417 4.18013
959 777.048 -69.5474 44178.6 -54.1206 4.11809
960 764.217 -67.9644 44146 -54.0929 4.0501
961 750.324 -65.3272 44113.1 -54.0589 3.97646
962 735.399 -61.449 44080.2 -54.0187 3.89737
963 719.433 -56.0573 44047.2 -53.9721 3.81275
964 702.366 -48.8191 44014 -53.9187 3.72231
965 684.511 -44.6462 43980.8 -53.8597 3.62768
966 666.324 -40.6976 43947.5 -53.798 3.53129
967 647.994 -36.7226 43914.2 -53.7343 3.43415
968 629.676 -32.8092 43880.8 -53.6696 3.33707
969 611.462 -30.6383 43847.4 -53.6043 3.24054
970 593.431 -28.5216 43813.9 -53.5387 3.14499
971 575.726 -26.3187 43780.4 -53.4738 3.05115
972 558.49 -24.0487 43746.9 -53.4102 2.95981
973 541.864 -21.7326 43713.4 -53.3487 2.8717
974 525.985 -19.3916 43679.9 -53.2901 2.78755
975 510.984 -17.0473 43646.4 -53.2351 2.70805
976 496.987 -14.7216 43612.9 -53.1845 2.63386
977 484.113 -12.4369 43579.4 -53.1389 2.56564
978 472.478 -10.2175 43546 -53.099 2.50398
979 462.19 -8.09015 43512.5 -53.0654 2.44945
980 453.352 -6.08611 43479.1 -53.0387 2.40261
981 446.057 -4.24183 43445.7 -53.0197 2.36395
982 440.407 -3.22126 43412.4 -53.0087 2.33401
983 436.493 -2.70145 43379.1 -53.0065 2.31327
984 434.369 -2.53256 43345.8 -53.0135 2.30201
985 434.064 -2.7442 43312.6 -53.0298 2.30039
986 435.584 -3.36264 43279.5 -53.0556 2.30845
987 438.909 -4.41559 43246.3 -53.0909 2.32607
988 443.953 -7.44193 43213.3 -53.1355 2.3528
989 450.571 -11.2558 43180.2 -53.1883 2.38787
990 458.657 -15.111 43147.2 -53.2492 2.43073
991 468.121 -19.0809 43114.2 -53.3177 2.48089
992 478.843 -23.2185 43081.2 -53.3932 2.53771
993 490.678 -27.3386 43048.2 -53.4749 2.60043
994 503.463 -31.6401 43015.1 -53.5622 2.66819
995 517.02 -36.1284 42982.1 -53.6541 2.74003
996 531.159 -40.7758 42949 -53.7496 2.81497
997 545.691 -45.542 42915.9 -53.8478 2.89198
998 560.425 -50.3776 42882.7 -53.9477 2.97007
999 575.179 -55.2258 42849.5 -54.0484 3.04826
1000 589.775 -59.9811 42816.1 -54.149 3.12561
1001 604.047 -64.5801 42782.7 -54.2485 3.20125
1002 617.834 -69.2719 42749.2 -54.3462 3.27431
1003 630.976 -74.2982 42715.6 -54.4413 3.34396
1004 643.328 -79.023 42681.9 -54.5328 3.40943
1005 654.751 -83.929 42648 -54.6202 3.46996
1006 665.118 -88.4726 42614 -54.7027 3.5249
1007 674.168 -96.2919 42579.8 -54.7791 3.57287
1008 681.717 -103.604 42545.5 -54.848 3.61287
1009 687.877 -109.323 42511 -54.9101 3.64552
1010 692.805 -113.747 42476.3 -54.9664 3.67163
1011 696.626 -117.119 42441.3 -55.0173 3.69188
1012 699.44 -119.622 42406.2 -55.0634 3.7068
1013 701.325 -121.379 42370.8 -55.105 3.71679
1014 702.347 -122.46 42335.3 -55.1423 3.7222
1015 702.558 -122.888 42299.5 -55.1757 3.72333
1016 702.014 -122.776 42263.5 -55.2053 3.72044
1017 700.838 -123.465 42227.2 -55.2317 3.71421
1018 699.161 -123.853 42190.8 -55.2557 3.70532
1019 697.062 -123.947 42154.1 -55.2776 3.6942
1020 694.618 -123.749 42117.2 -55.2978 3.68124
1021 691.906 -123.256 42080.1 -55.3166 3.66687
1022 688.998 -122.464 42042.8 -55.3344 3.65146
1023 685.964 -121.369 42005.2 -55.3516 3.63538
1024 682.866 -119.964 41967.5 -55.3684 3.61896
1025 679.756 -118.215 41929.6 -55.3852 3.60248
1026 676.677 -116.071 41891.4 -55.402 3.58616
1027 673.655 -113.312 41853.1 -55.4191 3.57015
1028 670.706 -110 41814.6 -55.4365 3.55452
1029 667.835 -106.219 41775.9 -55.4541 3.5393
1030 665.046 -101.965 41737.1 -55.4721 3.52452
1031 662.335 -97.2374 41698.1 -55.4902 3.51015
1032 659.696 -92.0441 41659 -55.5086 3.49617
1033 657.126 -86.3968 41619.7 -55.5272 3.48255
1034 654.647 -80.9177 41580.3 -55.5459 3.46941
1035 652.304 -78.1777 41540.9 -55.5653 3.45699
1036 650.122 -75.3411 41501.3 -55.5853 3.44543
1037 648.115 -72.2794 41461.7 -55.6061 3.43479
1038 646.302 -68.9971 41421.9 -55.6278 3.42518
1039 644.697 -65.4917 41382.1 -55.6504 3.41668
1040 643.312 -61.7398 41342.3 -55.6741 3.40934
1041 642.156 -57.6695 41302.4 -55.6988 3.40321
1042 641.286 -54.5121 41262.5 -55.7249 3.3986
1043 640.751 -51.0283 41222.5 -55.7526 3.39577
1044 640.538 -47.1647 41182.5 -55.7819 3.39464
1045 640.628 -42.9059 41142.5 -55.8127 3.39511
1046 640.998 -38.2681 41102.5 -55.8449 3.39708
1047 641.63 -33.2896 41062.5 -55.8784 3.40042
1048 642.502 -28.0222 41022.6 -55.913 3.40505
1049 643.599 -22.5205 40982.6 -55.9487 3.41086
1050 644.903 -16.8335 40942.7 -55.9855 3.41777
1051 646.396 -10.9976 40902.9 -56.0231 3.42568
1052 648.056 -5.02881 40863.1 -56.0616 3.43448
1053 649.808 0.226378 40823.4 -56.1006 3.44377
1054 651.56 5.51747 40783.9 -56.1394 3.45305
1055 653.253 11.2766 40744.4 -56.1779 3.46202
1056 654.828 17.5295 40705 -56.2158 3.47037
1057 656.198 24.3229 40665.8 -56.2525 3.47763
1058 657.25 31.718 40626.7 -56.2874 3.48321
1059 657.844 39.7819 40587.8 -56.3198 3.48636
1060 657.822 48.58 40549.1 -56.3487 3.48624
1061 657.01 58.169 40510.6 -56.3733 3.48193
1062 655.228 68.5909 40472.3 -56.3924 3.47249
1063 652.301 79.8703 40434.2 -56.4051 3.45697
1064 648.047 91.5431 40396.5 -56.4105 3.43443
1065 642.248 102.519 40359 -56.4071 3.4037
1066 634.744 114.721 40321.8 -56.3941 3.36393
1067 625.613 125.138 40284.9 -56.3717 3.31554
1068 615.01 135.545 40248.5 -56.3409 3.25935
1069 602.976 145.791 40212.4 -56.3018 3.19557
1070 589.525 156.087 40176.7 -56.2543 3.12429
1071 574.725 167.228 40141.4 -56.1987 3.04585
1072 558.684 179.591 40106.5 -56.1355 2.96084
1073 541.691 190.01 40072.2 -56.0658 2.87078
1074 524.193 199.079 40038.3 -55.9927 2.77805
1075 506.545 207.914 40004.9 -55.9178 2.68452
1076 489.045 216.415 39972.1 -55.8425 2.59177
1077 472.008 224.476 39939.8 -55.7687 2.50149
1078 455.763 231.976 39908 -55.698 2.41539
1079 440.64 238.786 39876.8 -55.6324 2.33524
1080 426.982 244.391 39846.2 -55.5736 2.26286
1081 415.128 247.935 39816.2 -55.5237 2.20004
1082 405.373 250.213 39786.7 -55.4844 2.14834
1083 397.959 251.075 39757.9 -55.4569 2.10905
1084 393.076 250.417 39729.6 -55.4425 2.08317
1085 390.856 248.428 39701.9 -55.442 2.0714
1086 391.364 245.097 39674.9 -55.4559 2.0741
1087 394.601 240.431 39648.3 -55.4844 2.09125
1088 400.5 234.451 39622.4 -55.5271 2.12252
1089 408.933 227.177 39597 -55.5835 2.16721
1090 419.706 218.372 39572.1 -55.6528 2.2243
1091 432.571 208.356 39547.8 -55.7337 2.29248
1092 447.241 197.233 39523.9 -55.8248 2.37023
1093 463.399 185.117 39500.5 -55.9244 2.45586
1094 480.709 172.127 39477.5 -56.031 2.5476
1095 498.831 158.382 39454.9 -56.1426 2.64364
1096 517.426 144.004 39432.7 -56.2576 2.74219
1097 536.169 129.108 39410.9 -56.3743 2.84152
1098 554.754 113.804 39389.4 -56.491 2.94001
1099 572.903 98.1969 39368.1 -56.6064 3.03619
1100 590.296 80.8676 39347.1 -56.7188 3.12837
1101 606.578 61.9876 39326.4 -56.8263 3.21466
1102 621.356 40.6556 39305.8 -56.9267 3.29298
1103 634.391 20.6785 39285.3 -57.0187 3.36206
1104 645.682 2.11987 39264.9 -57.1024 3.4219
1105 655.253 -15.1905 39244.6 -57.1777 3.47262
1106 663.133 -31.3971 39224.3 -57.2449 3.51438
1107 669.357 -46.6077 39204 -57.304 3.54737
1108 673.973 -60.8917 39183.7 -57.3553 3.57183
1109 677.037 -74.286 39163.2 -57.3989 3.58807
1110 678.622 -86.7993 39142.7 -57.4351 3.59647
1111 678.815 -98.4218 39122.1 -57.4645 3.59749
1112 677.711 -109.134 39101.3 -57.4873 3.59164
1113 675.419 -118.915 39080.3 -57.5042 3.5795
1114 672.051 -127.748 39059.2 -57.5156 3.56165
1115 667.722 -135.622 39037.8 -57.522 3.5387
1116 662.542 -142.538 39016.2 -57.5241 3.51125
1117 656.618 -148.505 38994.4 -57.5223 3.47986
1118 650.049 -153.536 38972.4 -57.5171 3.44504
1119 642.926 -157.65 38950.1 -57.5089 3.40729
1120 635.327 -160.87 38927.6 -57.498 3.36702
1121 627.325 -163.218 38904.8 -57.4849 3.32461
1122 619.015 -165.547 38881.7 -57.4698 3.28057
1123 610.51 -167.679 38858.3 -57.4535 3.2355
1124 601.893 -169.223 38834.7 -57.4364 3.18983
1125 593.229 -170.229 38810.8 -57.4187 3.14392
1126 584.582 -170.713 38786.6 -57.4008 3.09809
1127 576.011 -170.687 38762.2 -57.383 3.05267
1128 567.575 -170.163 38737.5 -57.3655 3.00796
1129 559.328 -169.148 38712.5 -57.3486 2.96425
1130 551.323 -167.651 38687.2 -57.3326 2.92183
1131 543.611 -165.678 38661.7 -57.3178 2.88096
1132 536.237 -163.239 38635.9 -57.3043 2.84188
1133 529.245 -160.347 38609.9 -57.2925 2.80482
1134 522.67 -157.014 38583.6 -57.2825 2.76998
1135 516.544 -153.26 38557.1 -57.2745 2.73751
1136 510.893 -148.982 38530.4 -57.2686 2.70756
1137 505.737 -144.198 38503.4 -57.2649 2.68024
1138 501.09 -139.056 38476.3 -57.2636 2.65561
1139 496.955 -133.584 38448.9 -57.2646 2.63369
1140 493.327 -127.806 38421.3 -57.268 2.61447
1141 490.196 -121.746 38393.6 -57.2736 2.59788
1142 487.547 -115.424 38365.7 -57.2815 2.58384
1143 485.357 -108.854 38337.7 -57.2915 2.57223
1144 483.598 -102.041 38309.5 -57.3035 2.56291
1145 482.24 -94.9842 38281.3 -57.3174 2.55571
1146 481.247 -87.6677 38252.9 -57.3329 2.55045
1147 480.578 -80.0641 38224.4 -57.3498 2.5469
1148 480.191 -72.1311 38195.8 -57.368 2.54485
1149 480.038 -63.8114 38167.2 -57.3872 2.54404
1150 480.067 -55.0328 38138.6 -57.4071 2.5442
1151 480.224 -45.7093 38109.9 -57.4275 2.54503
1152 480.451 -35.7441 38081.2 -57.4479 2.54623
1153 480.689 -25.0348 38052.5 -57.4682 2.54749
1154 480.881 -13.4807 38023.9 -57.4879 2.54851
1155 481.04 -2.38198 37995.3 -57.507 2.54935
1156 481.32 6.61777 37966.8 -57.5266 2.55084
1157 481.846 15.3919 37938.4 -57.5474 2.55362
1158 482.617 23.3495 37910.1 -57.5692 2.55771
1159 483.654 31.5159 37881.9 -57.5922 2.56321
1160 485.033 38.7215 37853.9 -57.6169 2.57051
1161 486.829 45.6556 37826 -57.6437 2.58003
1162 489.088 52.6773 37798.3 -57.6729 2.592
1163 491.84 59.7723 37770.8 -57.7046 2.60659
1164 495.109 66.9174 37743.4 -57.7391 2.62391
1165 498.913 74.0816 37716.3 -57.7763 2.64407
1166 503.262 81.2287 37689.4 -57.8164 2.66712
1167 508.162 88.3217 37662.7 -57.8595 2.69309
1168 513.616 95.3411 37636.2 -57.9056 2.72199
1169 519.617 102.426 37610 -57.9547 2.7538
1170 526.153 109.396 37584.1 -58.0067 2.78844
1171 533.205 116.186 37558.4 -58.0617 2.82581
1172 540.736 122.688 37533.1 -58.1194 2.86572
1173 548.693 129.299 37508 -58.1796 2.90789
1174 556.992 136.129 37483.3 -58.2419 2.95187
1175 565.53 143.294 37458.8 -58.3058 2.99712
1176 574.173 150.895 37434.7 -58.3705 3.04293
1177 582.769 159.011 37411 -58.4354 3.08848
1178 591.146 167.685 37387.6 -58.4994 3.13288
1179 599.121 176.913 37364.6 -58.5616 3.17514
1180 606.508 186.644 37342 -58.621 3.21429
1181 613.149 195.979 37319.8 -58.6767 3.24948
1182 618.891 205.03 37298 -58.728 3.27991
1183 623.577 214.173 37276.7 -58.774 3.30475
1184 627.036 221.976 37255.8 -58.8137 3.32308
1185 629.105 230.049 37235.3 -58.8463 3.33405
1186 629.67 238.554 37215.4 -58.8712 3.33704
1187 628.624 247.725 37195.9 -58.8876 3.3315
1188 626.029 255.683 37177 -58.8955 3.31774
1189 622.087 262.809 37158.6 -58.8965 3.29685
1190 616.954 269.787 37140.7 -58.8912 3.26965
1191 610.768 276.6 37123.3 -58.8802 3.23687
1192 603.699 283.243 37106.5 -58.8643 3.1994
1193 595.947 289.971 37090.2 -58.8446 3.15832
1194 587.671 295.271 37074.5 -58.8221 3.11446
1195 578.966 298.898 37059.4 -58.7969 3.06833
1196 570.022 303.136 37044.9 -58.7702 3.02093
1197 561.126 307.834 37031 -58.7435 2.97378
1198 552.567 311.478 37017.7 -58.7182 2.92842
1199 544.583 314.003 37004.9 -58.6958 2.88611
1200 537.449 313.701 36992.8 -58.6776 2.8483
1201 531.434 311.293 36981.2 -58.6652 2.81642
1202 526.658 307.921 36970.3 -58.6593 2.79111
1203 523.141 303.517 36959.9 -58.66 2.77247
1204 520.845 298.048 36950.1 -58.6672 2.76031
1205 519.685 291.517 36940.9 -58.6804 2.75415
1206 519.527 283.964 36932.2 -58.699 2.75332
1207 520.21 275.464 36924.1 -58.7221 2.75694
1208 521.547 265.804 36916.4 -58.7489 2.76402
1209 523.335 255.23 36909.3 -58.7782 2.7735
1210 525.378 244.08 36902.7 -58.8089 2.78433
1211 527.5 232.529 36896.5 -58.8403 2.79557
1212 529.545 220.733 36890.7 -58.8713 2.80641
1213 531.421 207.99 36885.3 -58.9016 2.81635
1214 533.079 194.5 36880.4 -58.9308 2.82514
1215 534.468 180.841 36875.8 -58.9588 2.8325
1216 535.489 166.283 36871.5 -58.9851 2.83791
1217 535.999 150.777 36867.5 -59.0085 2.84061
1218 535.958 135.794 36863.9 -59.0291 2.8404
1219 535.425 121.145 36860.5 -59.047 2.83757
1220 534.439 106.695 36857.3 -59.0626 2.83235
1221 533.029 92.3729 36854.3 -59.0759 2.82488
1222 531.216 78.1622 36851.5 -59.0871 2.81527
1223 529.006 63.7411 36848.8 -59.0961 2.80355
1224 526.382 48.8593 36846.2 -59.1028 2.78965
1225 523.347 34.441 36843.8 -59.1071 2.77356
1226 519.935 20.5523 36841.4 -59.1094 2.75548
1227 516.206 6.64053 36839.1 -59.1097 2.73572
1228 512.234 -7.25226 36836.8 -59.1087 2.71467
1229 508.082 -20.6843 36834.5 -59.1065 2.69267
1230 503.733 -35.4666 36832.1 -59.1032 2.66962
1231 499.145 -50.228 36829.7 -59.0983 2.6453
1232 494.356 -64.0425 36827.2 -59.0921 2.61992
1233 489.435 -76.9873 36824.7 -59.085 2.59384
1234 484.452 -89.2981 36821.9 -59.0774 2.56743
1235 479.47 -101.122 36819.1 -59.0695 2.54103
1236 474.538 -112.942 36816 -59.0617 2.51489
1237 469.671 -125.216 36812.8 -59.054 2.4891
1238 464.905 -137.862 36809.4 -59.0465 2.46384
1239 460.302 -150.048 36805.7 -59.0398 2.43945
1240 455.912 -161.738 36801.8 -59.034 2.41618
1241 451.776 -172.949 36797.6 -59.0293 2.39426
1242 447.935 -183.69 36793.1 -59.026 2.3739
1243 444.419 -193.967 36788.3 -59.0243 2.35527
1244 441.255 -203.781 36783.1 -59.0243 2.33851
1245 438.459 -213.131 36777.6 -59.0261 2.32369
1246 436.041 -222.018 36771.8 -59.0299 2.31087
1247 434 -230.447 36765.5 -59.0355 2.30006
1248 432.324 -238.948 36758.9 -59.043 2.29117
1249 430.98 -247.499 36751.8 -59.0523 2.28405
1250 429.93 -255.674 36744.4 -59.063 2.27848
1251 429.136 -263.409 36736.5 -59.0751 2.27428
1252 428.562 -270.644 36728.2 -59.0884 2.27124
1253 428.172 -277.326 36719.4 -59.1026 2.26917
1254 427.934 -283.412 36710.1 -59.1177 2.2679
1255 427.815 -288.874 36700.4 -59.1334 2.26728
1256 427.788 -293.694 36690.1 -59.1496 2.26714
1257 427.83 -297.864 36679.4 -59.1663 2.26735
1258 427.917 -301.388 36668.2 -59.1832 2.26782
1259 428.032 -304.276 36656.5 -59.2003 2.26843
1260 428.159 -306.547 36644.2 -59.2176 2.2691
1261 428.268 -308.906 36631.5 -59.2348 2.26968
1262 428.325 -310.811 36618.3 -59.2517 2.26998
1263 428.325 -312.037 36604.5 -59.2684 2.26998
1264 428.272 -312.621 36590.2 -59.2849 2.2697
1265 428.173 -312.597 36575.4 -59.3011 2.26917
1266 428.04 -311.989 36560.1 -59.3172 2.26847
1267 427.884 -310.772 36544.3 -59.3332 2.26764
1268 427.719 -308.978 36528 -59.3492 2.26677
1269 427.561 -306.62 36511.2 -59.3652 2.26593
1270 427.425 -303.703 36493.9 -59.3813 2.26521
1271 427.331 -300.234 36476.2 -59.3976 2.26471
1272 427.3 -296.223 36457.9 -59.4143 2.26455
1273 427.36 -291.859 36439.2 -59.4314 2.26487
1274 427.565 -287.898 36420 -59.4493 2.26595
1275 427.963 -283.575 36400.4 -59.4682 2.26806
1276 428.582 -278.908 36380.3 -59.4883 2.27134
1277 429.446 -273.912 36359.8 -59.5096 2.27592
1278 430.579 -268.606 36338.9 -59.5324 2.28193
1279 432.003 -263.006 36317.6 -59.5567 2.28947
1280 433.737 -257.128 36295.9 -59.5826 2.29866
1281 435.796 -250.99 36273.8 -59.6103 2.30957
1282 438.19 -244.608 36251.3 -59.6397 2.32226
1283 440.928 -237.997 36228.5 -59.671 2.33677
1284 444.012 -231.171 36205.3 -59.7041 2.35311
1285 447.439 -224.141 36181.8 -59.7391 2.37128
1286 451.202 -216.916 36158 -59.7758 2.39122
1287 455.288 -209.498 36133.8 -59.8144 2.41287
1288 459.679 -201.887 36109.4 -59.8546 2.43614
1289 464.35 -194.075 36084.7 -59.8963 2.4609
1290 469.274 -186.047 36059.8 -59.9394 2.48699
1291 474.415 -177.781 36034.6 -59.9837 2.51424
1292 479.734 -169.248 36009.2 -60.0291 2.54243
1293 485.189 -160.41 35983.6 -60.0752 2.57134
1294 490.734 -151.225 35957.7 -60.1219 2.60073
1295 496.318 -141.644 35931.7 -60.1689 2.63032
